image: compitation_real_3p8x4p9.pgm
resolution: 0.016000
origin: [-2.017851, -1.260776, 0.000000]
negate: 0
occupied_thresh: 0.65
free_thresh: 0.196
